0.0015  0.09409457876850992 0.05843774974005782 0.2697074706810596
0.0008  0.09427008246052884 0.058873174478278424 0.27002101125259037
0.0004  0.0941243427530544 0.05825580327909723 0.2690199196466553
0.0006  0.09468186884697889 0.0591669130793986 0.27114884040520326
0.0009  0.09482456999603382 0.05935543908498485 0.2704294024164272
0.0012  0.09374957071998881 0.058428362821604234 0.26819133020250074
0.002  0.09399284150625652 0.0577059713932998 0.2680948556056527
0.0019  0.0937931719288567 0.058080777532449265 0.26689826379235904
0.0014  0.09419859284603671 0.05815196405999304 0.2701166484734376
0.0017  0.09373341933005742 0.05801939022879299 0.26812483189475517
0.0013  0.09498592005559547 0.05906871995170491 0.27256350890455583
0.0007  0.09512038526712799 0.05945129550369361 0.2735647203432698
0.0018  0.09420069418427468 0.05816824124210805 0.2735201050026223
0.0005  0.0954758049795848 0.0596223279660893 0.2754136629187793
0.0003  0.09509301982364182 0.05967615475651483 0.2750185312910242
0.0002  0.09471643796078787 0.05966908687049009 0.27189710548152346
0.001  0.09449043110540989 0.05945945538035041 0.2722887146724234
0.0  0.09575838701054272 0.059390745036119255 0.2740835264581285
0.0011  0.09457250193627076 0.0591648061434847 0.27101840177184444
0.0001  0.09435256006090562 0.05882070603833572 0.27247934468699014
0.0016  0.09362698598939498 0.057806083241768995 0.26695943559696794
0.0023  0.09330508305424697 0.05829159174164307 0.2681018178752266
0.0027  0.09433001900858848 0.05852232000292024 0.2687289995813521
0.003  0.09392574431365897 0.05801213746627978 0.2698526258460825
0.0034  0.0942517239209143 0.058598597776656644 0.2690531010168012
0.0038  0.09483216264871484 0.05937401198854399 0.27058183137172404
0.0031  0.09447621076927458 0.058799685357223665 0.2681925430370119
0.0024  0.09354996479004987 0.058227380821898725 0.2678448368557344
0.0035  0.09408522696431523 0.05865261358123107 0.266967115130016
0.002  0.09352074041158558 0.05823346853210143 0.2673743116464432
0.0021  0.094547370714813 0.058599958331801094 0.2696118264237309
0.0028  0.09441007282958529 0.059392868859369 0.2711335763177564
0.0032  0.09398401092401709 0.05867644650470785 0.27078432694791305
0.0036  0.09416008348845677 0.058512055943207276 0.2709129635236902
0.0039  0.094637821077728 0.05844865031065723 0.27002188062405436
0.0025  0.0940153985067431 0.05832004594437283 0.2684083777181227
0.0022  0.09370866380374931 0.05836416625115818 0.2679785982439353
0.0037  0.09347487592921759 0.05774127754770534 0.2680342325954156
0.004  0.0929302046437948 0.05801712486556647 0.2659779872065358
0.0026  0.09474718291022942 0.05913025624696646 0.27031877332156684
0.0033  0.0944983500242411 0.05889222236812023 0.2693064714681671
0.0029  0.09398208557558466 0.05873513286020504 0.26886645762728945
0.004  0.09373926023466435 0.05808187461329862 0.26958929259299547
0.0046  0.0936014546971533 0.05842978850014269 0.26780462765526997
0.0052  0.09379919370980754 0.05863149818067924 0.26720141455045043
0.0058  0.09441133785471713 0.05875638199212078 0.272357465859211
0.0064  0.09371257641371138 0.05847078962406997 0.27006854460665697
0.007  0.09401377487923404 0.05855176554674989 0.2676561964797435
0.0076  0.09342851334357517 0.05865711583794645 0.26760692642971395
0.0082  0.0945856499047892 0.05962716053203322 0.26980368204905614
0.0088  0.09467776041458392 0.05829006001978351 0.271384178703223
0.0094  0.09437813958667349 0.05819517619406586 0.26960403704006997
0.01  0.09402612061206732 0.0583672427644847 0.26880702032735726
0.013  0.0943170612336527 0.059023000631242564 0.26869407043078625
0.011  0.0940185929059629 0.058238130217646566 0.268619035549556
0.017  0.09455995588018289 0.05905445023533152 0.2685851047380047
0.021  0.094767386006339 0.05852142440242882 0.2697680424337238
0.027  0.09534165023076929 0.059048675340482186 0.27077404268550853
0.029  0.09513921981213606 0.059745839374977974 0.2720297702329776
0.024  0.09478218625177565 0.0598965097611827 0.26916945343264825
0.014  0.09485531109430456 0.05946817193764732 0.2711983207943329
0.018  0.09477105506774333 0.059136803267683946 0.27198974457244496
0.022  0.09501922019756269 0.05968519928914921 0.2714657078845038
0.025  0.09431508427996804 0.0585686254692607 0.2710826835042999
0.023  0.09527879092226285 0.059836799398864174 0.27166119278414474
0.03  0.09543765151355078 0.058750499921778346 0.27073695144353566
0.019  0.09491102719426792 0.0590537764446586 0.27154236887042854
0.015  0.09488514049293209 0.05847915884848661 0.27064579287332796
0.01  0.09459950210250591 0.058721145048543796 0.268146425589218
0.012  0.09444377595578263 0.05914263816811022 0.27098141413121457
0.016  0.0941193106439592 0.05904605697936293 0.2669140462412026
0.02  0.09529577150184483 0.05936268745688505 0.2704471083195383
0.026  0.09480318467181373 0.05958288089075756 0.270411523481601
0.028  0.09468196595926803 0.05890381262966187 0.2712847164960304
