0.0 0.09431172615061417 0.05840948150255253 0.27147558960927887
0.005 0.09439406577351683 0.05898202476635555 0.27030114473766137
0.01 0.0946605361481687 0.05944476811036446 0.2732320133189754
0.015 0.09449718283798 0.05925798699029 0.27094054224304776
0.02 0.09477779368810134 0.06001677802696806 0.27385221884355276
0.025 0.09524865251306852 0.06279093352405314 0.27793570456828653
0.03 0.09450547319960699 0.061873277080651164 0.2761839495837046
0.035 0.09425091446722067 0.0611205856133863 0.2737333314991812
0.04 0.09901691036501653 0.06633181055182157 0.27413616660407536
0.045 0.09487515865537914 0.0632503482582849 0.27476016715276197
0.05 0.09531719208612029 0.06385522758742679 0.2736560061330355
0.055 0.09493171430553783 0.06433632924755096 0.27654393191211685
0.06 0.09637713584976827 0.06478353715403753 0.2740572509885123
0.065 0.09447343116814409 0.06597492310231332 0.2794231908583097
0.07 0.09450913452124712 0.06485895733603235 0.27670696131491856
0.075 0.0963145422050304 0.0649418032973835 0.27602907500548146
0.08 0.09534981575934569 0.0689016026282909 0.2840349074604929
0.085 0.09601826064748409 0.06791372809661085 0.28106073928431985
0.09 0.09931864947324114 0.07274881520800827 0.293962224139846
0.095 0.09542345020478346 0.0684940075549753 0.2794689205943692
0.1 0.09604595879229424 0.06789837808444221 0.2825437429180144
