0.013  0.0943170612336527 0.059023000631242564 0.26869407043078625
0.011  0.0940185929059629 0.058238130217646566 0.268619035549556
0.017  0.09455995588018289 0.05905445023533152 0.2685851047380047
0.021  0.094767386006339 0.05852142440242882 0.2697680424337238
0.027  0.09534165023076929 0.059048675340482186 0.27077404268550853
0.029  0.09513921981213606 0.059745839374977974 0.2720297702329776
0.024  0.09478218625177565 0.0598965097611827 0.26916945343264825
0.014  0.09485531109430456 0.05946817193764732 0.2711983207943329
0.018  0.09477105506774333 0.059136803267683946 0.27198974457244496
0.022  0.09501922019756269 0.05968519928914921 0.2714657078845038
0.025  0.09431508427996804 0.0585686254692607 0.2710826835042999
0.023  0.09527879092226285 0.059836799398864174 0.27166119278414474
0.03  0.09543765151355078 0.058750499921778346 0.27073695144353566
0.019  0.09491102719426792 0.0590537764446586 0.27154236887042854
0.015  0.09488514049293209 0.05847915884848661 0.27064579287332796
0.01  0.09459950210250591 0.058721145048543796 0.268146425589218
0.012  0.09444377595578263 0.05914263816811022 0.27098141413121457
0.016  0.0941193106439592 0.05904605697936293 0.2669140462412026
0.02  0.09529577150184483 0.05936268745688505 0.2704471083195383
0.026  0.09480318467181373 0.05958288089075756 0.270411523481601
0.028  0.09468196595926803 0.05890381262966187 0.2712847164960304
