0.0015  0.09409457876850992 0.05843774974005782 0.2697074706810596
0.0008  0.09427008246052884 0.058873174478278424 0.27002101125259037
0.0004  0.0941243427530544 0.05825580327909723 0.2690199196466553
0.0006  0.09468186884697889 0.0591669130793986 0.27114884040520326
0.0009  0.09482456999603382 0.05935543908498485 0.2704294024164272
0.0012  0.09374957071998881 0.058428362821604234 0.26819133020250074
0.002  0.09399284150625652 0.0577059713932998 0.2680948556056527
0.0019  0.0937931719288567 0.058080777532449265 0.26689826379235904
0.0014  0.09419859284603671 0.05815196405999304 0.2701166484734376
0.0017  0.09373341933005742 0.05801939022879299 0.26812483189475517
0.0013  0.09498592005559547 0.05906871995170491 0.27256350890455583
0.0007  0.09512038526712799 0.05945129550369361 0.2735647203432698
0.0018  0.09420069418427468 0.05816824124210805 0.2735201050026223
0.0005  0.0954758049795848 0.0596223279660893 0.2754136629187793
0.0003  0.09509301982364182 0.05967615475651483 0.2750185312910242
0.0002  0.09471643796078787 0.05966908687049009 0.27189710548152346
0.001  0.09449043110540989 0.05945945538035041 0.2722887146724234
0.0  0.09575838701054272 0.059390745036119255 0.2740835264581285
0.0011  0.09457250193627076 0.0591648061434847 0.27101840177184444
0.0001  0.09435256006090562 0.05882070603833572 0.27247934468699014
0.0016  0.09362698598939498 0.057806083241768995 0.26695943559696794
