0.004  0.09373926023466435 0.05808187461329862 0.26958929259299547
0.0046  0.0936014546971533 0.05842978850014269 0.26780462765526997
0.0052  0.09379919370980754 0.05863149818067924 0.26720141455045043
0.0058  0.09441133785471713 0.05875638199212078 0.272357465859211
0.0064  0.09371257641371138 0.05847078962406997 0.27006854460665697
0.007  0.09401377487923404 0.05855176554674989 0.2676561964797435
0.0076  0.09342851334357517 0.05865711583794645 0.26760692642971395
0.0082  0.0945856499047892 0.05962716053203322 0.26980368204905614
0.0088  0.09467776041458392 0.05829006001978351 0.271384178703223
0.0094  0.09437813958667349 0.05819517619406586 0.26960403704006997
0.01  0.09402612061206732 0.0583672427644847 0.26880702032735726
