0.225 0.09904831096074425 0.07130486955191469 0.2792684001955949
0.175 0.0995724702846411 0.08198597791399811 0.28559035510929304
0.425 0.09967211949300443 0.070808573582214 0.2892219477819713
0.475 0.10119507578355205 0.07010232827508552 0.2986042141805117
0.05 0.09481317168206799 0.06220023072335996 0.2763688239725505
0.3 0.09763356603941832 0.07121483205258679 0.2859038051720081
0.35 0.09838546398692082 0.06871537922236808 0.29361334137872924
0.5 0.0999978172021168 0.07234786306861815 0.30385777366299166
0.2 0.10272873091339078 0.08254122314013546 0.2904188908695859
0.0 0.09453464030654198 0.0582743958019188 0.2678095023285296
0.45 0.09975546766692968 0.06917469097761564 0.29948950355445025
0.4 0.09986884819987388 0.0691215977665828 0.29504394139836204
0.275 0.09691949933844742 0.06857267512796082 0.28778520646888395
0.1 0.09573843684449364 0.06746401278618828 0.2801508703330048
0.25 0.10094230703947972 0.079902658986792 0.2901444859113541
0.075 0.09482441425955478 0.06580669322859348 0.2791729645600763
0.325 0.09823034072327218 0.07305409885062776 0.284148472942122
0.15 0.09676231171058138 0.07226105949626307 0.2917725720776126
0.125 0.1013876777326924 0.07767609376042792 0.3096632429077434
0.025 0.09442752847096102 0.06076080945094088 0.2738779367862105
0.375 0.0984880945157358 0.06625193822442298 0.2912799714196334
