0.0011  0.09441225446593714 0.05858731327553177 0.2694851618319182
0.0004  0.09448375816281118 0.05930523925865715 0.27237610810178875
0.0016  0.09383667282858689 0.05944657524031387 0.2706289840643854
0.0005  0.0935262516266543 0.05806583508211185 0.2685415821060265
0.0002  0.09508593436046114 0.0590786987561319 0.27503203309505014
0.002  0.09488654298889344 0.05927711804022172 0.2707804025738091
0.0012  0.09401847625180103 0.05852289747656431 0.27036878866880076
0.0008  0.09462228001387606 0.058530504824452635 0.2701326377825969
0.0003  0.0941513895865245 0.05915461876532126 0.2688450999233158
0.0014  0.09469591372335139 0.05905665115501104 0.2707381200188629
0.0015  0.0948689452152717 0.05923018854006861 0.26798336468980316
0.0009  0.09461995775379971 0.05859405197890524 0.2713445499755081
0.0  0.0949822740406494 0.05951155099369227 0.2721690034744795
0.0006  0.09374529864287458 0.058225966216444144 0.26854800734855583
0.0013  0.09533918769164793 0.05958043325901493 0.27339080602998406
0.001  0.095006466586407 0.05834381595862326 0.27215771723736376
0.0018  0.09566796813284491 0.059935568937780584 0.27033472752104143
0.0001  0.0934607548428628 0.05765801636026637 0.26877686358964087
0.0007  0.09413830054700643 0.05888117692762336 0.2689611567724321
0.0017  0.09486337354178714 0.058806619340302756 0.26795329696427855
0.0019  0.09475580352867032 0.059048226507247135 0.2707762908300256
