1337 0.09610840400769168 0.061365217853034754 0.27239978885393057
1337 0.09662155272866794 0.06216592252633359 0.2769021966395921
1337 0.09565084397672279 0.05994745788321441 0.2744134298457297
1337 0.09670680930815277 0.061758076598112235 0.27547123888364705
1337 0.09668621034114086 0.06215326041602824 0.27459245719048914
1337 0.09617913164173024 0.060757095961499474 0.27540163287598796
1337 0.09732054911407477 0.06365030661008672 0.2789069542803629
1337 0.09870848012644803 0.06683054537128545 0.280214552329083
1337 0.09667550329182592 0.06235454356900216 0.2773921138695324
1337 0.0965472247143951 0.06144304611914978 0.2738876352825085
1337 0.09541190172365495 0.05836403821818038 0.272532286101752
1337 0.09641731670021551 0.061238052849861245 0.2762558891790731
1337 0.09600764223549907 0.06105967908991476 0.27339127885250547
1337 0.09661820673823117 0.06183803981173448 0.27376917009422114
1337 0.09462964436970758 0.05910466841698575 0.2704066842031418
1337 0.09661061917415527 0.06356534944818536 0.28133257536334144
1337 0.09623523292766568 0.061606342154007454 0.2759768251943992
