0.0023  0.09330508305424697 0.05829159174164307 0.2681018178752266
0.0027  0.09433001900858848 0.05852232000292024 0.2687289995813521
0.003  0.09392574431365897 0.05801213746627978 0.2698526258460825
0.0034  0.0942517239209143 0.058598597776656644 0.2690531010168012
0.0038  0.09483216264871484 0.05937401198854399 0.27058183137172404
0.0031  0.09447621076927458 0.058799685357223665 0.2681925430370119
0.0024  0.09354996479004987 0.058227380821898725 0.2678448368557344
0.0035  0.09408522696431523 0.05865261358123107 0.266967115130016
0.002  0.09352074041158558 0.05823346853210143 0.2673743116464432
0.0021  0.094547370714813 0.058599958331801094 0.2696118264237309
0.0028  0.09441007282958529 0.059392868859369 0.2711335763177564
0.0032  0.09398401092401709 0.05867644650470785 0.27078432694791305
0.0036  0.09416008348845677 0.058512055943207276 0.2709129635236902
0.0039  0.094637821077728 0.05844865031065723 0.27002188062405436
0.0025  0.0940153985067431 0.05832004594437283 0.2684083777181227
0.0022  0.09370866380374931 0.05836416625115818 0.2679785982439353
0.0037  0.09347487592921759 0.05774127754770534 0.2680342325954156
0.004  0.0929302046437948 0.05801712486556647 0.2659779872065358
0.0026  0.09474718291022942 0.05913025624696646 0.27031877332156684
0.0033  0.0944983500242411 0.05889222236812023 0.2693064714681671
0.0029  0.09398208557558466 0.05873513286020504 0.26886645762728945
